%YAML:1.0
---
cameraMatrix: !!opencv-matrix
   rows: 3
   cols: 3
   dt: d
   data: [ 6.3924367857614527e+02, 0., 6.4042300233310868e+02, 0.,
       6.3835081804029812e+02, 4.0294128253448821e+02, 0., 0., 1. ]
distCoeffs: !!opencv-matrix
   rows: 1
   cols: 5
   dt: d
   data: [ -5.8206521789735531e-02, 5.5612443586706556e-02,
       -1.0661552645803783e-03, 1.1896678492044350e-05,
       -1.6182297845937384e-02 ]
