%YAML:1.0
---
cameraMatrix: !!opencv-matrix
   rows: 3
   cols: 3
   dt: d
   data: [ 1.0282961690044324e+03, 0., 9.6784338733169352e+02, 0.,
       1.0220148609685442e+03, 5.2998708209453230e+02, 0., 0., 1. ]
distCoeffs: !!opencv-matrix
   rows: 1
   cols: 5
   dt: d
   data: [ 1.5161750670652216e-01, -1.8946565967163964e-01,
       -1.8445261433931688e-03, 4.0781344608939833e-03,
       7.2093037630621845e-02 ]
