%YAML:1.0
---
cameraMatrix: !!opencv-matrix
   rows: 3
   cols: 3
   dt: d
   data: [ 1.3656088899454708e+03, 0., 9.7978017605236892e+02, 0.,
       1.3610982654237889e+03, 5.1987893070467442e+02, 0., 0., 1. ]
distCoeffs: !!opencv-matrix
   rows: 1
   cols: 5
   dt: d
   data: [ -6.5764805025994216e-02, 2.8617454836319556e-01,
       -1.6466645525700025e-03, 6.3123106087164208e-03,
       -3.4260720311531423e-01 ]
