%YAML:1.0
---
cameraMatrix: !!opencv-matrix
   rows: 3
   cols: 3
   dt: d
   data: [ 3.9238273716289257e+02, 0., 3.2562979063942151e+02, 0.,
       3.9210581379495898e+02, 2.4312514424321367e+02, 0., 0., 1. ]
distCoeffs: !!opencv-matrix
   rows: 1
   cols: 5
   dt: d
   data: [ -1.9609621905467195e-02, 9.3699255470068420e-03,
       -2.0702605596560038e-03, 5.2090945331768872e-03,
       3.5110411349744776e-02 ]
rvecs: !!opencv-matrix
   rows: 42
   cols: 3
   dt: d
   data: [ 1.7733557216628889e-02, -1.4712818379095619e-01,
       -2.6755250393184554e-01, -1.4681081870909326e-02,
       -1.2041143154602360e-01, -3.5436461839495564e-01,
       -4.1993122844945835e-03, -1.3455625811743391e-01,
       -3.3615505048349470e-01, 5.3230979903810635e-02,
       -9.2589268460767579e-02, -5.9555718157884741e-02,
       -1.5801943439619024e-02, -1.4266820617153822e-02,
       3.8631222569412071e-01, -4.2894998406778115e-02,
       -2.0528608380359029e-02, 8.4988521662775052e-01,
       2.0397862220901192e-02, -4.3054551531096746e-02,
       1.1072514180488093e+00, -1.4746390269589227e-01,
       2.1144901796801063e-02, 1.4328032596033990e+00,
       -9.3508727242916395e-02, -8.4665828769536055e-03,
       1.8940824166693593e+00, -5.9101625668150790e-02,
       -6.8349765684624156e-02, 2.3060762643301906e+00,
       -7.7922975658953356e-02, -1.8099263647917446e-02,
       2.5782219437171063e+00, -1.4010134024496956e-01,
       -9.7898419068024878e-02, 3.0730558580312994e+00,
       5.9299140811532404e-02, -3.8195263572152742e-02,
       -2.8546681287448323e+00, 6.6819171547272724e-02,
       -6.9554593843192944e-02, -2.4154019565792115e+00,
       1.5900234630576485e-01, -1.2208932833155819e-01,
       -1.9076822658935753e+00, 3.8669449763108231e-02,
       -4.9673315547375755e-03, -1.4473695009225958e+00,
       -2.4644145181408596e-02, -1.8011470301365344e-02,
       -1.0634970924732965e+00, 7.3670792125103968e-02,
       -2.2582796821821859e-02, -4.6286271955550551e-01,
       1.3106386239228144e-02, -5.5463616192261873e-02,
       5.1887604782897438e-02, -5.0887244862639991e-01,
       -7.9976951765126023e-02, 4.6785050906107892e-02,
       -6.8707806188032639e-01, -1.3349854503366720e-01,
       2.8932417321805473e-02, -6.9577586423853566e-01,
       -1.2619831325974309e-01, 2.6070238521023269e-02,
       -7.0468533022826285e-01, -1.1780664100080013e-01,
       1.9891911186167632e-02, -6.3626369464661892e-01,
       -1.1247840965874786e-01, 1.8795391135181735e-02,
       5.6132318454611907e-01, -9.4010640594358708e-02,
       9.5838611272762372e-02, 4.8731696800938412e-01,
       -7.8995623194102499e-02, 6.1213185517913569e-02,
       4.0947557551064950e-01, -2.6730202703319230e-03,
       2.0858614181196722e-02, -1.6021402610201646e-01,
       6.5803599178316030e-01, -1.3746800050363808e-01,
       -1.4163599294022494e-01, 7.0194677883283463e-01,
       -1.2843419736122905e-01, -8.8492125991241857e-02,
       5.6481099085984876e-01, -1.2265244871407116e-01,
       7.7570304254360581e-02, 9.4209878466193761e-02,
       -4.0915681742754645e-02, 1.6231231346162264e-01,
       -3.7919876821611259e-01, -3.5084713913751973e-02,
       9.0158628602494670e-02, -8.3370920894709433e-01,
       4.0030138347878212e-02, 7.6310281218251411e-02,
       -8.0258903815203508e-01, 3.3483721971815705e-02,
       5.1234944002215795e-02, -8.1033761462106890e-01,
       3.7266664889771400e-02, 6.5621503812247864e-02,
       -2.4256971819622006e-01, 1.5231550171734165e-02,
       2.3171127152388244e-02, -1.0963761908873419e-01,
       -3.1694050945284559e-03, 3.1314458382710769e-02,
       -1.5636105097539457e-02, -2.8683493893820831e-02,
       2.4581549424887071e-02, -4.4085437809081029e-03,
       -2.5036544360634561e-02, -9.7038122962422209e-03,
       -6.3205485022771735e-02, -2.5512906699297244e-02,
       -1.8501237910745216e-02, -5.8910300331807518e-02,
       -4.3561813483698232e-02, -1.2679962620812398e-02,
       -4.9994541962492700e-02, -6.6883000480904176e-02 ]
tvecs: !!opencv-matrix
   rows: 42
   cols: 3
   dt: d
   data: [ -2.4139126635876773e-01, -6.0870577303027890e-02,
       3.1749825461791981e-01, -2.4025075909188812e-01,
       -1.4965795575800737e-02, 3.2660966324027518e-01,
       -2.4834433253007779e-01, -2.1689626651687895e-02,
       3.2553890219275133e-01, -2.5058153713881248e-01,
       -2.2928045828696484e-02, 3.2106149342299062e-01,
       -1.6872337567760057e-01, -1.1430958402193020e-01,
       3.3861858135217904e-01, -4.8758128317247552e-02,
       -1.5476125620074052e-01, 3.1848281903278786e-01,
       2.7537446559515290e-03, -1.4815522521314994e-01,
       2.9035818178743417e-01, 2.5386392626707832e-02,
       -1.1223934097182962e-01, 3.4722966564291863e-01,
       8.6869855300682614e-02, -6.6369177485430655e-02,
       3.2909953126645025e-01, 1.2808105032048214e-01,
       -1.5969183176041780e-02, 2.9963328297798270e-01,
       1.0370348913872114e-01, 5.7655230494296231e-02,
       3.1868358836637506e-01, 9.3017785244402074e-02,
       1.3065898352514532e-01, 3.2268236998999400e-01,
       4.3327635925167585e-02, 1.6880832243522320e-01,
       3.0643244569088812e-01, -1.9380915600669069e-02,
       2.1432993284529328e-01, 3.1548167178460429e-01,
       -7.9279335824624653e-02, 1.9679867720965549e-01,
       3.1197637219104257e-01, -1.2706384829869680e-01,
       1.3673213089923972e-01, 2.9609775836358782e-01,
       -1.6683991326346428e-01, 1.3160095835039182e-01,
       2.8533680922588833e-01, -1.7817912905666308e-01,
       2.7114466785885274e-02, 2.8243960048328792e-01,
       -1.4657899369092134e-01, -5.1013445661718601e-02,
       2.9036171392278914e-01, -1.6521073775336395e-01,
       -2.6808851287604050e-02, 3.2851718808744546e-01,
       -1.6325193537550090e-01, -6.6070040775709259e-03,
       3.3988435898562364e-01, -1.4796371666370695e-01,
       -3.1257112864880879e-02, 3.2501485360990939e-01,
       -1.5053644900509869e-01, -4.4025306331676117e-02,
       3.1952556381218394e-01, -1.5017654868020847e-01,
       -5.4206556230868806e-02, 3.1113413329960243e-01,
       -1.3482149184644118e-01, -5.4416796580509075e-02,
       1.7475889202961933e-01, -1.4411215679850661e-01,
       -6.0294242469689716e-02, 1.8737228797750924e-01,
       -1.5628985952657490e-01, -6.5185248898866732e-02,
       2.0352829009064127e-01, -1.4660875945124413e-01,
       -4.9559067007828514e-02, 3.8789629188636521e-01,
       -1.4029695549759419e-01, -5.1679602789961351e-02,
       3.7977007164350129e-01, -1.6132260031117371e-01,
       -6.0400109135657042e-02, 3.5056596398181705e-01,
       -1.7641629288107410e-01, -7.5744374178868756e-02,
       2.5189804036828706e-01, -1.5824657663925423e-01,
       -6.4003649311892563e-02, 1.6267206261288092e-01,
       -1.0563479293118389e-01, -7.4676990830728623e-02,
       1.3829214733280185e-01, -1.1025265467427911e-01,
       -7.6269394188474268e-02, 1.4481944860266580e-01,
       -1.1878845670287691e-01, -7.6318748039390288e-02,
       1.6805420630912826e-01, -1.5363007452410846e-01,
       -7.4117618698316984e-02, 2.2727073739297066e-01,
       -1.6674152179761179e-01, -7.5234259445644810e-02,
       2.4730232736711155e-01, -1.6771438234062072e-01,
       -7.7447987998945367e-02, 2.0441289915694705e-01,
       -1.6599866526994436e-01, -7.6666695549024819e-02,
       1.9449050593808023e-01, -1.9497473094960366e-01,
       -4.9012674538785467e-02, 3.1811279929042258e-01,
       -2.0234118265266762e-01, -4.6693216470196128e-02,
       3.3813981912687990e-01, -2.0901109290843492e-01,
       -6.1647365790688059e-02, 3.3424998322543581e-01 ]
objPoints: !!opencv-matrix
   rows: 4
   cols: 3
   dt: f
   data: [ 0., 0., 0., 1.49999997e-02, 0., 0., 1.49999997e-02,
       1.49999997e-02, 0., 0., 1.49999997e-02, 0. ]
