%YAML:1.0
---
cameraMatrix: !!opencv-matrix
   rows: 3
   cols: 3
   dt: d
   data: [ 1.0232748849381215e+03, 0., 9.4489122753391018e+02, 0.,
       1.0216350903367808e+03, 5.2868308965632968e+02, 0., 0., 1. ]
distCoeffs: !!opencv-matrix
   rows: 1
   cols: 5
   dt: d
   data: [ 1.4725290043989137e-01, -1.7967657717176230e-01,
       -3.1444451470866216e-03, -1.1740093537020591e-03,
       6.3153523801288067e-02 ]
