%YAML:1.0
---
essMat: !!opencv-matrix
   rows: 3
   cols: 3
   dt: d
   data: [ -5.8510902464124070e+00, 2.1446338864624828e+01,
       -1.9783250014832717e+01, -3.1469266958730657e+01,
       3.6546645202602313e-01, -3.2340972113492832e+01,
       1.9998168218779551e+01, 3.9932580786584438e+01,
       -5.3185401948052471e+00 ]
transfMat: !!opencv-matrix
   rows: 4
   cols: 4
   dt: d
   data: [ 9.6033812317595346e-01, 4.8272939616564861e-03,
       -2.7879631706300378e-01, 3.9834995463557121e+01,
       -1.3613326154947711e-03, 9.9991938561569760e-01,
       1.2624145255649456e-02, -2.0880559058747448e+01,
       2.7883478252972160e-01, -1.1743913442013327e-02,
       9.6026727766214615e-01, -2.1202828639394284e+01, 0., 0., 0., 1. ]
