%YAML:1.0
---
essMat: !!opencv-matrix
   rows: 3
   cols: 3
   dt: d
   data: [ -1.6150603301428237e+00, -3.7880119324159347e+00,
       -1.8837779569966762e-01, 1.9835767452270390e+00,
       -1.0234029749225058e+00, 3.4730555718817904e+00,
       -1.3163438962034371e-01, -2.0045709304597303e-01,
       -7.7198870572792649e-02 ]
transfMat: !!opencv-matrix
   rows: 4
   cols: 4
   dt: d
   data: [ 5.2555690488739537e-01, -2.6429185927810084e-01,
       8.0866541464594976e-01, -2.3934830156754153e-01,
       3.7731507937070197e-01, 9.2433672706300274e-01,
       5.6876584654290602e-02, 7.8630241240952234e-02,
       -7.6251116097055394e-01, 2.7522977332000320e-01,
       5.8551285320952395e-01, 4.1214994539853587e+00, 0., 0., 0., 1. ]
