%YAML:1.0
---
essMat: !!opencv-matrix
   rows: 3
   cols: 3
   dt: d
   data: [ 4.5280164796008167e-02, -6.9704678376780529e-02,
       -1.6639164739550366e-01, -4.7942945895146499e-03,
       2.5466033557113701e-02, 2.0680094151680575e-01,
       1.7169203882138728e-01, -1.9726477578840290e-01,
       7.0340584603908532e-02 ]
transfMat: !!opencv-matrix
   rows: 4
   cols: 4
   dt: d
   data: [ 9.6695992781651940e-01, 2.1835418211928557e-02,
       2.5399155991603700e-01, -2.0270947623056493e-01,
       9.6323693381977181e-03, 9.9248410870607029e-01,
       -1.2199389913782546e-01, -1.7957787739653028e-01,
       -2.5474637476911072e-01, 1.2040975241826371e-01,
       9.5948203530059295e-01, 4.8445864470669002e-02, 0., 0., 0., 1. ]
