%YAML:1.0
---
essMat: !!opencv-matrix
   rows: 3
   cols: 3
   dt: d
   data: [ 6.7793884838668674e+00, -1.1306086193841033e+01,
       -2.5076189750087092e+01, 1.7003026307441882e-01,
       3.8347126589247464e+00, 3.1645066226091469e+01,
       2.6113123357000887e+01, -2.9885648340935965e+01,
       1.0489008527972519e+01 ]
transfMat: !!opencv-matrix
   rows: 4
   cols: 4
   dt: d
   data: [ 9.6789554545221468e-01, 2.5841865430618890e-02,
       2.5002082130259806e-01, -3.0810774498674853e+01,
       4.5760117290209387e-03, 9.9272439682000191e-01,
       -1.2032178553786184e-01, -2.7124945399165718e+01,
       -2.5131110841030435e-01, 1.1760301845373332e-01,
       9.6073526886450633e-01, 8.1755931107413176e+00, 0., 0., 0., 1. ]
