%YAML:1.0
---
objectPoints00: !!opencv-matrix
   rows: 4
   cols: 4
   dt: "3d"
   data: [ 0., 0., 0., 5.2999999999999999e-02, 0., 0.,
       5.2999999999999999e-02, 5.2999999999999999e-02, 0., 0.,
       5.2999999999999999e-02, 0., 3.3700000000000002e-01, 0., 0.,
       3.9000000000000001e-01, 0., 0., 3.9000000000000001e-01,
       5.2999999999999999e-02, 0., 3.3700000000000002e-01,
       5.2999999999999999e-02, 0., 3.3700000000000002e-01,
       2.2200000000000003e-01, 0., 3.9000000000000001e-01,
       2.2200000000000003e-01, 0., 3.9000000000000001e-01,
       2.7500000000000002e-01, 0., 3.3700000000000002e-01,
       2.7500000000000002e-01, 0., 0., 2.2200000000000003e-01, 0.,
       5.2999999999999999e-02, 2.2200000000000003e-01, 0.,
       5.2999999999999999e-02, 2.7500000000000002e-01, 0., 0.,
       2.7500000000000002e-01, 0. ]
objectPoints10: !!opencv-matrix
   rows: 4
   cols: 4
   dt: "3d"
   data: [ 0., 0., 1.3000000000000000e-01, 5.2999999999999999e-02, 0.,
       1.3000000000000000e-01, 5.2999999999999999e-02, 0.,
       7.7000000000000013e-02, 0., 0., 7.7000000000000013e-02,
       3.3700000000000002e-01, 0., 1.3000000000000000e-01,
       3.9000000000000001e-01, 0., 1.3000000000000000e-01,
       3.9000000000000001e-01, 0., 7.7000000000000013e-02,
       3.3700000000000002e-01, 0., 7.7000000000000013e-02,
       3.3700000000000002e-01, 0., 5.2999999999999999e-02,
       3.9000000000000001e-01, 0., 5.2999999999999999e-02,
       3.9000000000000001e-01, 0., 0., 3.3700000000000002e-01, 0., 0.,
       0., 0., 5.2999999999999999e-02, 5.2999999999999999e-02, 0.,
       5.2999999999999999e-02, 5.2999999999999999e-02, 0., 0., 0., 0.,
       0. ]
objectPoints20: !!opencv-matrix
   rows: 4
   cols: 4
   dt: "3d"
   data: [ 0., 2.7500000000000002e-01, 1.3000000000000000e-01, 0.,
       2.2200000000000003e-01, 1.3000000000000000e-01, 0.,
       2.2200000000000003e-01, 7.7000000000000013e-02, 0.,
       2.7500000000000002e-01, 7.7000000000000013e-02, 0.,
       5.2999999999999999e-02, 1.3000000000000000e-01, 0., 0.,
       1.3000000000000000e-01, 0., 0., 7.7000000000000013e-02, 0.,
       5.2999999999999999e-02, 7.7000000000000013e-02, 0.,
       5.2999999999999999e-02, 5.2999999999999999e-02, 0., 0.,
       5.2999999999999999e-02, 0., 0., 0., 0., 5.2999999999999999e-02,
       0., 0., 2.7500000000000002e-01, 5.2999999999999999e-02, 0.,
       2.2200000000000003e-01, 5.2999999999999999e-02, 0.,
       2.2200000000000003e-01, 0., 0., 2.7500000000000002e-01, 0. ]
