%YAML:1.0
---
projMatrix: !!opencv-matrix
   rows: 3
   cols: 3
   dt: d
   data: [ 3.6979862287102892e+03, 0., 1.0353759546562010e+03, 0.,
       3.6928797447496950e+03, 1.4483424526915169e+03, 0., 0., 1. ]
projDistCoeffs: !!opencv-matrix
   rows: 1
   cols: 5
   dt: d
   data: [ -7.7880230931342401e-02, 2.0429051267772566e-01,
       4.8850749652061352e-03, 7.9728419078510405e-03,
       -4.5951137506326106e-01 ]
