%YAML:1.0
---
projMatrix: !!opencv-matrix
   rows: 3
   cols: 3
   dt: d
   data: [ 1.4402630495537355e+03, 0., 9.4689728151458087e+02, 0.,
       1.4449196024624071e+03, 1.2874043228951152e+03, 0., 0., 1. ]
projDistCoeffs: !!opencv-matrix
   rows: 1
   cols: 5
   dt: d
   data: [ 1.7455899856719578e-02, -5.2539800414195717e-02,
       3.8484220280204825e-04, 9.3345900549554519e-04,
       2.4723845361117536e-02 ]
