%YAML:1.0
---
projMatrix: !!opencv-matrix
   rows: 3
   cols: 3
   dt: d
   data: [ 3.4028289372272084e+03, 0., 7.8056758454769192e+02, 0.,
       3.5338842573769366e+03, 1.1752233794516574e+03, 0., 0., 1. ]
projDistCoeffs: !!opencv-matrix
   rows: 1
   cols: 5
   dt: d
   data: [ 1.3204452296483459e-03, 1.3181488100467958e-01,
       1.6705436325717846e-02, 1.6324945741952074e-03,
       -7.5836442336318721e-01 ]
