%YAML:1.0
---
projMatrix: !!opencv-matrix
   rows: 3
   cols: 3
   dt: d
   data: [ 3.6931201910411078e+03, 0., 1.0491639714569662e+03, 0.,
       3.6804426675860359e+03, 1.4056081678063272e+03, 0., 0., 1. ]
projDistCoeffs: !!opencv-matrix
   rows: 1
   cols: 5
   dt: d
   data: [ -9.4016632114388848e-02, 1.1561070924588948e-01,
       8.8514138417098635e-04, 9.1743728128417489e-03,
       -2.1816703072075580e-01 ]
