%YAML:1.0
---
projMatrix: !!opencv-matrix
   rows: 3
   cols: 3
   dt: d
   data: [ 9.2594655464454372e+03, 0., 5.5337189792512606e+02, 0.,
       1.6300325831211172e+04, 3.5931708202566398e+02, 0., 0., 1. ]
projDistCoeffs: !!opencv-matrix
   rows: 1
   cols: 5
   dt: d
   data: [ 1.3612509268712900e+01, -8.9587478280406302e+01,
       -2.0497763516932216e-01, -1.2918865965283142e+00,
       -3.5255425953552177e-01 ]
